
Iterations = 200050:3e+05
Thinning interval = 50 
Number of chains = 5 
Sample size per chain = 2000 

1. Empirical mean and standard deviation for each variable,
   plus standard error of the mean:

          Mean      SD  Naive SE Time-series SE
ac   -0.212891 0.12365 0.0012365      0.0011821
au    0.007462 0.07180 0.0007180      0.0007178
bc    1.241894 0.04726 0.0004726      0.0004692
bu    0.750596 0.02955 0.0002955      0.0002959
sC    0.563924 0.07968 0.0007968      0.0008248
sRRF  0.302096 0.04565 0.0004565      0.0004677
sU    0.316086 0.04778 0.0004778      0.0004778

2. Quantiles for each variable:

        2.5%      25%      50%      75%   97.5%
ac   -0.4579 -0.29551 -0.21349 -0.13002 0.03311
au   -0.1348 -0.04048  0.00741  0.05552 0.15042
bc    1.1487  1.21106  1.24190  1.27358 1.33367
bu    0.6935  0.73070  0.75053  0.77021 0.80998
sC    0.4143  0.50953  0.56103  0.61491 0.72819
sRRF  0.2229  0.26902  0.29915  0.33104 0.40104
sU    0.2286  0.28376  0.31391  0.34604 0.41637

Potential scale reduction factors:

     Point est. Upper C.I.
ac            1          1
au            1          1
bc            1          1
bu            1          1
sC            1          1
sRRF          1          1
sU            1          1

Multivariate psrf

1

Correlation matrix
              ac          au          bc          bu          sC        sRRF          sU
ac    1.00000000  0.19361811 -0.72637648 -0.13195943  0.07104023 -0.06722740  0.02313264
au    0.19361811  1.00000000 -0.16633775 -0.68663311  0.01244613 -0.06542031  0.07126338
bc   -0.72637648 -0.16633775  1.00000000  0.23132996 -0.10711043  0.07974000 -0.04530425
bu   -0.13195943 -0.68663311  0.23132996  1.00000000  0.06796100 -0.01614765 -0.09003611
sC    0.07104023  0.01244613 -0.10711043  0.06796100  1.00000000 -0.44285996  0.09967350
sRRF -0.06722740 -0.06542031  0.07974000 -0.01614765 -0.44285996  1.00000000 -0.34759669
sU    0.02313264  0.07126338 -0.04530425 -0.09003611  0.09967350 -0.34759669  1.00000000

Covariance matrix
                ac            au            bc            bu            sC          sRRF            sU
ac    0.0152886394  1.718829e-03 -0.0042446122 -4.821212e-04  6.999269e-04 -3.795023e-04  0.0001366650
au    0.0017188293  5.154716e-03 -0.0005643974 -1.456661e-03  7.120337e-05 -2.144364e-04  0.0002444648
bc   -0.0042446122 -5.643974e-04  0.0022334882  3.230391e-04 -4.033551e-04  1.720488e-04 -0.0001023006
bu   -0.0004821212 -1.456661e-03  0.0003230391  8.730975e-04  1.600129e-04 -2.178333e-05 -0.0001271147
sC    0.0006999269  7.120337e-05 -0.0004033551  1.600129e-04  6.349328e-03 -1.611068e-03  0.0003794820
sRRF -0.0003795023 -2.144364e-04  0.0001720488 -2.178333e-05 -1.611068e-03  2.084334e-03 -0.0007582403
sU    0.0001366650  2.444648e-04 -0.0001023006 -1.271147e-04  3.794820e-04 -7.582403e-04  0.0022829432
